5|165|147|99
6|165|147|99
7.01|165|147|99
7.02|168|146|97
7.03|168|147|100
7.04|168|147|102
7.05|169|146|102
7.06|165|143|96
7.07|170|148|99
7.08|172|150|100
7.09|170|147|97
7.10|171|150|105
7.11|173|152|105
7.12|172|150|103
7.13|170|149|103
7.14|168|147|100
7.15|171|150|103
7.16|169|148|101
7.17|166|148|100
7.18|167|149|99
7.19|165|148|97
7.20|167|146|99
7.21|169|148|103
7.22|164|146|100
7.23|162|144|98
7.24|160|144|95
7.25|162|146|97
7.26|164|148|99
7.27|165|147|99
7.28|163|145|97
7.29|164|146|96
7.30|161|143|93
7.31|160|144|93
7.32|157|144|92
7.33|154|143|89
7.34|151|145|85
7.35|150|146|85
7.36|149|144|88
7.37|153|144|89
7.38|154|145|86
7.39|155|145|86
7.40|154|146|84
7.41|152|146|84
7.42|153|147|87
7.43|152|146|86
7.44|150|144|84
7.45|153|144|85
7.46|153|144|89
7.47|155|144|90
7.48|154|145|88
7.49|155|146|87
7.50|154|145|86
7.51|151|145|85
7.52|148|144|79
7.53|145|144|77
7.54|144|143|76
7.55|142|143|73
7.56|140|142|67
7.57|149|143|67
7.58|137|144|64
7.59|136|146|60
7.60|137|146|63
7.61|135|145|65
7.62|137|147|61
7.63|137|145|68
7.64|132|139|72
7.65|133|140|71
7.66|136|140|79
7.67|138|142|83
7.68|139|143|84
7.69|139|142|85
7.70|136|139|84
7.71|136|141|77
7.72|134|141|71
7.73|133|140|71
7.74|131|142|66
7.75|132|143|85
7.76|131|142|82
7.77|127|142|77
7.78|126|144|70
7.79|127|144|66
7.80|130|144|67
7.81|131|143|67
7.82|136|144|69
7.83|138|145|68
7.84|139|146|69
7.85|141|144|73
7.86|144|144|74
7.87|142|144|71
7.88|143|147|83
7.89|149|145|80
7.90|149|145|82
7.91|147|146|79
7.92|144|145|77
7.93|146|145|78
7.94|147|147|77
7.95|151|148|81
7.96|155|147|83
7.97|158|148|89
7.98|162|149|94
7.99|162|149|96
8.00|159|148|94
8.01|161|145|93
8.02|162|146|94
8.03|159|146|94
8.04|159|146|93
8.05|159|146|91
8.06|141|145|92
8.07|162|145|93
8.08|161|145|94
8.09|158|145|90
8.10|157|147|88
8.11|156|147|88
8.12|157|147|87
8.13|158|145|93
8.14|158|145|92
8.15|157|146|90
8.16|155|144|88
8.17|157|146|90
8.18|154|145|99
8.19|153|143|90
8.20|153|143|92
8.21|154|144|92
8.22|153|146|94
8.23|151|144|92
8.24|150|143|89
8.25|149|143|89
8.26|151|145|87
8.27|150|144|84
8.28|149|143|83
8.29|148|144|83
8.30|150|144|84
8.31|153|144|85
8.32|149|143|83
8.33|147|143|82
8.34|144|143|79
8.35|142|141|77
8.36|138|138|74
8.37|139|141|76
8.38|137|140|72
8.39|139|140|80
8.40|136|140|79
8.41|136|139|82
8.42|137|140|83
8.43|136|141|82
8.44|134|142|83
8.45|135|140|82
8.46|131|137|77
8.47|132|140|89
8.48|132|142|86
8.49|131|141|81
8.50|132|141|81
8.51|130|141|75
8.52|123|135|63
8.53|122|135|64
8.54|124|137|66
8.55|123|136|64
8.56|122|133|63
8.57|123|136|66
8.58|123|133|62
8.59|122|132|59
8.60|125|136|57
8.61|128|136|63
8.62|128|134|65
8.63|130|137|68
8.64|127|135|65
8.65|121|132|62
8.66|120|131|61
8.67|121|132|62
8.68|117|129|57
8.69|120|130|60
8.70|119|131|59
8.71|119|131|57
8.72|118|131|59
8.73|118|131|60
8.74|117|130|59
8.75|117|130|61
8.76|115|130|65
8.77|116|131|66
8.78|116|128|64
8.79|113|125|61
8.80|112|124|60
8.81|113|125|61
8.82|113|127|65
8.83|109|124|59
8.84|111|126|59
8.85|110|125|58
8.86|109|124|57
8.87|109|124|56
8.88|110|125|58
8.89|109|124|55
8.90|109|125|53
8.91|109|125|60
8.92|110|126|64
8.93|111|126|67
8.94|108|123|64
8.95|106|122|60
8.96|105|121|58
8.97|106|126|52
8.98|108|124|59
8.99|107|124|54
9.00|108|124|52
9.01|106|121|52
9.02|104|119|52
9.03|107|117|56
9.04|108|116|56
9.05|107|117|57
9.06|106|117|57
9.07|105|116|56
9.08|105|116|58
9.09|106|115|57
9.10|103|116|62
9.11|102|115|59
9.12|101|115|56
9.13|101|117|54
9.14|103|119|57
9.15|104|119|60
9.16|104|119|62
9.17|104|118|59
9.18|105|119|58
9.19|107|119|57
9.20|107|117|54
9.21|120|127|56
9.22|120|127|56
9.23|120|127|56
9.24|120|127|58
9.25|120|127|58
9.26|120|127|58
9.27|121|128|58
9.28|121|128|58
9.29|121|128|58
9.30|120|125|61
9.31|120|125|61
9.32|120|125|61
9.33|120|124|63
9.34|120|124|63
9.35|120|124|63
9.36|120|124|65
9.37|120|124|65
9.38|120|124|65
9.39|117|117|65
9.40|117|117|65
9.41|117|117|65
9.42|116|114|65
9.43|116|114|65
9.44|116|114|65
9.45|115|113|64
9.46|115|113|64
9.47|115|113|64
9.48|114|112|64
9.49|114|112|64
9.50|114|112|64
9.51|113|111|63
9.52|113|111|63
9.53|113|111|63
9.54|112|108|63
9.55|112|108|63
9.56|112|108|63
9.57|113|109|64
9.58|113|109|64
9.59|113|109|64
9.60|116|111|69
9.61|116|111|69
9.62|116|111|69
9.63|118|111|69
9.64|118|111|69
9.65|118|111|69
9.66|116|109|67
9.67|116|109|67
9.68|116|109|67
9.69|116|107|68
9.70|116|107|68
9.71|116|107|68
9.72|115|105|69
9.73|115|105|69
9.74|115|105|69
9.75|114|110|63
9.76|114|110|63
9.77|114|110|63
9.78|119|115|67
9.79|119|115|67
9.80|119|115|67
9.81|125|117|70
9.82|125|117|70
9.83|125|117|70
9.84|131|118|73
9.85|131|118|73
9.86|131|118|73
9.87|129|116|71
9.88|129|116|71
9.89|129|116|71
9.90|128|115|71
9.91|128|115|71
9.92|128|115|71
9.93|131|118|76
9.94|131|118|76
9.95|131|118|76
9.96|131|116|75
9.97|131|116|75
9.98|131|116|75
9.99|135|115|78
10.00|135|115|78
10.01|135|115|78
10.02|138|116|77
10.03|138|116|77
10.04|138|116|77
10.05|140|118|81
10.06|140|118|81
10.07|140|118|81
10.08|142|118|84
10.09|142|118|84
10.10|142|118|84
10.11|142|118|80
10.12|142|118|80
10.13|142|118|80
10.14|143|117|82
10.15|143|117|82
10.16|143|117|82
10.17|149|120|88
10.18|149|120|88
10.19|149|120|88
10.20|150|121|87
10.21|150|121|87
10.22|150|121|87
10.23|154|124|90
10.24|154|124|90
10.25|154|124|90
10.26|157|127|91
10.27|157|127|91
10.28|157|127|91
10.29|159|126|91
10.30|159|126|91
10.31|159|126|91
10.32|160|127|92
10.33|160|127|92
10.34|160|127|92
10.35|161|127|92
10.36|161|127|92
10.37|161|127|92
10.38|161|129|91
10.39|161|129|91
10.40|161|129|91
10.41|160|127|92
10.42|160|127|92
10.43|160|127|92
10.44|164|125|94
10.45|164|125|94
10.46|166|127|96
10.47|166|127|96
10.48|166|127|96
10.49|167|128|95
10.50|167|128|95
10.51|167|128|95
10.52|171|131|98
10.53|171|131|98
10.54|171|131|98
10.55|177|134|100
10.56|177|134|100
10.57|177|134|100
10.58|182|139|99
10.59|182|139|99
10.60|182|139|99
10.61|181|137|100
10.62|181|137|100
10.63|181|137|100
10.64|178|136|98
10.65|178|136|98
10.66|178|136|98
10.67|182|138|101
10.68|182|138|101
10.69|182|138|101
10.70|181|139|101
10.71|181|139|101
10.72|181|139|101
10.73|182|140|104
10.74|182|140|104
10.75|182|140|104
10.76|181|138|104
10.77|181|138|104
10.78|181|138|104
10.79|181|139|103
10.80|181|139|103
10.81|181|139|103
10.82|179|137|101
10.83|179|137|101
10.84|179|137|101
10.85|180|137|103
10.86|180|137|103
10.87|180|137|103
10.88|180|138|102
10.89|180|138|102
10.90|180|138|102
10.91|179|136|102
10.92|179|136|102
10.93|179|136|102
10.94|178|135|101
10.95|178|135|101
10.96|178|135|101
10.97|183|146|101
10.98|183|146|101
10.99|183|146|101