5|165|147|99
6|165|147|99
7.01|165|147|99
7.02|168|146|97
7.03|168|147|100
7.04|168|147|102
7.05|169|146|102
7.06|165|143|96
7.07|170|148|99
7.08|172|150|100
7.09|170|147|97
7.10|171|150|105
7.11|173|152|105
7.12|172|150|103
7.13|170|149|103
7.14|168|147|100
7.15|171|150|103
7.16|169|148|101
7.17|166|148|100
7.18|167|149|99
7.19|165|148|97
7.20|167|146|99
7.21|169|148|103
7.22|164|146|100
7.23|162|144|98
7.24|160|144|95
7.25|162|146|97
7.26|164|148|99
7.27|165|147|99
7.28|163|145|97
7.29|164|146|96
7.30|161|143|93
7.31|160|144|93
7.32|157|144|92
7.33|154|143|89
7.34|151|145|85
7.35|150|146|85
7.36|149|144|88
7.37|153|144|89
7.38|154|145|86
7.39|155|145|86
7.40|154|146|84
7.41|152|146|84
7.42|153|147|87
7.43|152|146|86
7.44|150|144|84
7.45|153|144|85
7.46|153|144|89
7.47|155|144|90
7.48|154|145|88
7.49|155|146|87
7.50|154|145|86
7.51|151|145|85
7.52|148|144|79
7.53|145|144|77
7.54|144|143|76
7.55|142|143|73
7.56|140|142|67
7.57|149|143|67
7.58|137|144|64
7.59|136|146|60
7.60|137|146|63
7.61|135|145|65
7.62|137|147|61
7.63|137|145|68
7.64|132|139|72
7.65|133|140|71
7.66|136|140|79
7.67|138|142|83
7.68|139|143|84
7.69|139|142|85
7.70|136|139|84
7.71|136|141|77
7.72|134|141|71
7.73|133|140|71
7.74|131|142|66
7.75|132|143|85
7.76|131|142|82
7.77|127|142|77
7.78|126|144|70
7.79|127|144|66
7.80|130|144|67
7.81|131|143|67
7.82|136|144|69
7.83|138|145|68
7.84|139|146|69
7.85|141|144|73
7.86|144|144|74
7.87|142|144|71
7.88|143|147|83
7.89|149|145|80
7.90|149|145|82
7.91|147|146|79
7.92|144|145|77
7.93|146|145|78
7.94|147|147|77
7.95|151|148|81
7.96|155|147|83
7.97|158|148|89
7.98|162|149|94
7.99|162|149|96
8.00|159|148|94
8.01|158|147|93
8.02|162|151|98
8.03|161|152|93
8.04|163|152|96
8.05|164|151|96
8.06|164|151|98
8.07|163|150|97
8.08|161|150|97
8.09|159|149|96
8.10|159|150|93
8.11|156|150|92
8.12|154|153|87
8.13|151|152|85
8.14|146|151|83
8.15|144|149|81
8.16|151|151|89
8.17|150|152|89
8.18|163|168|99
8.19|152|163|90
8.20|155|141|88
8.21|152|158|85
8.22|150|156|84
8.23|147|153|81
8.24|145|150|78
8.25|142|148|77
8.26|142|148|74
8.27|142|150|75
8.28|141|152|76
8.29|137|150|71
8.30|131|146|65
8.31|126|145|63
8.32|130|147|67
8.33|127|146|65
8.34|125|147|64
8.35|127|146|65
8.36|127|141|62
8.37|129|140|70
8.38|129|140|70
8.39|129|140|70
8.40|130|143|72
8.41|130|143|72
8.42|130|143|72
8.43|131|142|72
8.44|131|142|72
8.45|131|142|72
8.46|128|139|69
8.47|128|139|69
8.48|128|139|69
8.49|129|142|70
8.50|129|142|70
8.51|129|142|70
8.52|132|144|72
8.53|132|144|72
8.54|132|144|72
8.55|130|142|70
8.56|130|142|70
8.57|130|142|70
8.58|128|140|68
8.59|128|140|68
8.60|128|140|68
8.61|124|137|65
8.62|124|137|65
8.63|124|137|65
8.64|113|129|57
8.65|113|129|57
8.66|113|129|57
8.67|114|130|58
8.68|114|130|58
8.69|114|130|58
8.70|115|131|58
8.71|115|131|58
8.72|115|131|58
8.73|119|132|60
8.74|119|132|60
8.75|119|132|60
8.76|117|130|59
8.77|117|130|59
8.78|117|130|59
8.79|119|131|57
8.80|119|131|57
8.81|119|131|57
8.82|119|131|59
8.83|119|131|59
8.84|119|131|59
8.85|120|130|60
8.86|120|130|60
8.87|120|130|60
8.88|120|129|62
8.89|120|129|62
8.90|120|129|62
8.91|117|129|57
8.92|117|129|57
8.93|117|129|57
8.94|115|124|57
8.95|115|124|57
8.96|115|124|57
8.97|117|127|57
8.98|117|127|57
8.99|117|127|57
9.00|119|126|57
9.01|119|126|57
9.02|119|126|57
9.03|120|127|57
9.04|120|127|57
9.05|120|127|57
9.06|120|130|60
9.07|120|130|60
9.08|120|130|60
9.09|121|132|62
9.10|121|132|62
9.11|121|132|62
9.12|120|131|61
9.13|120|131|61
9.14|120|131|61
9.15|121|132|62
9.16|121|132|62
9.17|121|132|62
9.18|118|128|57
9.19|118|128|57
9.20|118|128|57
9.21|120|127|56
9.22|120|127|56
9.23|120|127|56
9.24|120|127|58
9.25|120|127|58
9.26|120|127|58
9.27|121|128|58
9.28|121|128|58
9.29|121|128|58
9.30|120|125|61
9.31|120|125|61
9.32|120|125|61
9.33|120|124|63
9.34|120|124|63
9.35|120|124|63
9.36|120|124|65
9.37|120|124|65
9.38|120|124|65
9.39|117|117|65
9.40|117|117|65
9.41|117|117|65
9.42|116|114|65
9.43|116|114|65
9.44|116|114|65
9.45|115|113|64
9.46|115|113|64
9.47|115|113|64
9.48|114|112|64
9.49|114|112|64
9.50|114|112|64
9.51|113|111|63
9.52|113|111|63
9.53|113|111|63
9.54|112|108|63
9.55|112|108|63
9.56|112|108|63
9.57|113|109|64
9.58|113|109|64
9.59|113|109|64
9.60|116|111|69
9.61|116|111|69
9.62|116|111|69
9.63|118|111|69
9.64|118|111|69
9.65|118|111|69
9.66|116|109|67
9.67|116|109|67
9.68|116|109|67
9.69|116|107|68
9.70|116|107|68
9.71|116|107|68
9.72|115|105|69
9.73|115|105|69
9.74|115|105|69
9.75|114|110|63
9.76|114|110|63
9.77|114|110|63
9.78|119|115|67
9.79|119|115|67
9.80|119|115|67
9.81|125|117|70
9.82|125|117|70
9.83|125|117|70
9.84|131|118|73
9.85|131|118|73
9.86|131|118|73
9.87|129|116|71
9.88|129|116|71
9.89|129|116|71
9.90|128|115|71
9.91|128|115|71
9.92|128|115|71
9.93|131|118|76
9.94|131|118|76
9.95|131|118|76
9.96|131|116|75
9.97|131|116|75
9.98|131|116|75
9.99|135|115|78
10.00|135|115|78
10.01|135|115|78
10.02|138|116|77
10.03|138|116|77
10.04|138|116|77
10.05|140|118|81
10.06|140|118|81
10.07|140|118|81
10.08|142|118|84
10.09|142|118|84
10.10|142|118|84
10.11|142|118|80
10.12|142|118|80
10.13|142|118|80
10.14|143|117|82
10.15|143|117|82
10.16|143|117|82
10.17|149|120|88
10.18|149|120|88
10.19|149|120|88
10.20|150|121|87
10.21|150|121|87
10.22|150|121|87
10.23|154|124|90
10.24|154|124|90
10.25|154|124|90
10.26|157|127|91
10.27|157|127|91
10.28|157|127|91
10.29|159|126|91
10.30|159|126|91
10.31|159|126|91
10.32|160|127|92
10.33|160|127|92
10.34|160|127|92
10.35|161|127|92
10.36|161|127|92
10.37|161|127|92
10.38|161|129|91
10.39|161|129|91
10.40|161|129|91
10.41|160|127|92
10.42|160|127|92
10.43|160|127|92
10.44|164|125|94
10.45|164|125|94
10.46|166|127|96
10.47|166|127|96
10.48|166|127|96
10.49|167|128|95
10.50|167|128|95
10.51|167|128|95
10.52|171|131|98
10.53|171|131|98
10.54|171|131|98
10.55|177|134|100
10.56|177|134|100
10.57|177|134|100
10.58|182|139|99
10.59|182|139|99
10.60|182|139|99
10.61|181|137|100
10.62|181|137|100
10.63|181|137|100
10.64|178|136|98
10.65|178|136|98
10.66|178|136|98
10.67|182|138|101
10.68|182|138|101
10.69|182|138|101
10.70|181|139|101
10.71|181|139|101
10.72|181|139|101
10.73|182|140|104
10.74|182|140|104
10.75|182|140|104
10.76|181|138|104
10.77|181|138|104
10.78|181|138|104
10.79|181|139|103
10.80|181|139|103
10.81|181|139|103
10.82|179|137|101
10.83|179|137|101
10.84|179|137|101
10.85|180|137|103
10.86|180|137|103
10.87|180|137|103
10.88|180|138|102
10.89|180|138|102
10.90|180|138|102
10.91|179|136|102
10.92|179|136|102
10.93|179|136|102
10.94|178|135|101
10.95|178|135|101
10.96|178|135|101
10.97|183|146|101
10.98|183|146|101
10.99|183|146|101