-3|34|64|79
-2.99|37|65|70
-2.98|34|63|80
-2.97|35|64|79
-2.96|34|63|79
-2.95|33|63|79
-2.94|36|65|78
-2.93|37|66|79
-2.92|38|66|79
-2.91|37|65|78
-2.90|44|72|82
-2.89|37|64|79
-2.88|31|61|78
-2.87|32|62|79
-2.86|31|63|82
-2.85|29|61|79
-2.84|29|60|78
-2.83|29|59|78
-2.82|30|60|79
-2.81|30|60|77
-2.80|30|59|77
-2.79|29|60|78
-2.78|35|67|87
-2.77|39|70|90
-2.76|36|68|88
-2.75|33|65|84
-2.74|31|62|81
-2.73|33|65|85
-2.72|34|66|86
-2.71|31|62|81
-2.70|32|64|84
-2.69|34|68|87
-2.68|38|69|88
-2.67|36|68|88
-2.66|32|64|84
-2.65|30|62|81
-2.64|36|67|87
-2.63|61|86|102
-2.62|57|85|102
-2.61|64|88|104
-2.60|72|96|110
-2.59|74|98|112
-2.58|54|81|98
-2.57|66|90|106
-2.56|67|92|106
-2.55|67|93|108
-2.54|58|85|103
-2.53|76|99|113
-2.52|63|89|106
-2.51|52|81|99
-2.50|43|75|95
-2.49|53|83|101
-2.48|41|74|93
-2.47|47|78|96
-2.46|44|75|94
-2.45|46|77|96
-2.44|42|74|93
-2.43|32|64|84
-2.42|28|58|77
-2.41|34|66|85
-2.40|30|61|81
-2.39|32|64|84
-2.38|29|61|81
-2.37|32|62|84
-2.36|31|62|83
-2.35|36|68|88
-2.34|28|59|78
-2.33|33|65|86
-2.32|30|62|81
-2.31|28|60|79
-2.30|34|65|85
-2.29|32|65|85
-2.28|33|65|86
-2.27|34|66|86
-2.26|31|63|83
-2.25|29|63|82
-2.24|32|64|83
-2.23|38|70|90
-2.22|54|84|102
-2.21|30|62|82
-2.20|41|72|91
-2.19|45|76|95
-2.18|41|72|92
-2.17|29|60|80
-2.16|29|60|78
-2.15|29|60|79
-2.14|29|59|77
-2.13|30|60|76
-2.12|30|60|77
-2.11|29|60|76
-2.10|30|60|78
-2.09|29|60|77
-2.08|28|61|84
-2.07|26|58|80
-2.06|33|67|91
-2.05|32|66|89
-2.04|28|61|85
-2.03|29|61|81
-2.02|34|67|89
-2.01|31|64|85
-2.00|30|61|81
-1.99|29|59|79
-1.98|30|61|82
-1.97|29|59|78
-1.96|31|65|89
-1.95|36|69|92
-1.94|41|76|100
-1.93|38|72|96
-1.92|40|73|97
-1.91|37|72|96
-1.90|37|71|95
-1.89|35|69|92
-1.88|33|67|89
-1.87|34|66|89
-1.86|32|64|87
-1.85|31|64|86
-1.84|31|63|86
-1.83|28|57|79
-1.82|29|63|85
-1.81|37|70|94
-1.80|35|69|92
-1.79|33|66|90
-1.78|34|68|92
-1.77|48|83|106
-1.76|46|80|103
-1.75|56|89|110
-1.74|56|89|111
-1.73|52|85|108
-1.72|48|83|106
-1.71|70|100|119
-1.70|68|98|118
-1.69|70|100|118
-1.68|72|101|121
-1.67|73|102|121
-1.66|75|103|122
-1.65|71|101|120
-1.64|75|103|122
-1.63|72|101|118
-1.62|62|91|113
-1.61|77|104|124
-1.60|83|109|128
-1.59|83|110|127
-1.58|77|104|120
-1.57|77|103|123
-1.56|68|97|117
-1.55|62|91|113
-1.54|62|93|114
-1.53|72|101|121
-1.52|75|103|122
-1.51|71|101|120
-1.50|73|102|121
-1.49|65|95|116
-1.48|71|99|119
-1.47|63|93|114
-1.46|53|86|109
-1.45|67|96|117
-1.44|50|94|107
-1.43|52|85|108
-1.42|48|83|106
-1.41|68|98|118
-1.40|70|100|119
-1.39|49|79|96
-1.38|49|77|92
-1.37|48|77|91
-1.36|51|83|102
-1.35|51|83|101
-1.34|50|82|100
-1.33|56|90|110
-1.32|53|87|107
-1.31|50|83|103
-1.30|50|80|98
-1.29|51|81|98
-1.28|51|79|93
-1.27|50|80|96
-1.26|49|79|97
-1.25|49|82|100
-1.24|49|80|98
-1.23|50|82|99
-1.22|50|82|102
-1.21|51|84|103
-1.20|49|78|93
-1.19|50|80|96
-1.18|51|82|100
-1.17|50|81|98
-1.16|50|81|97
-1.15|54|88|108
-1.14|52|84|101
-1.13|54|88|107
-1.12|52|85|103
-1.11|52|85|105
-1.10|53|85|104
-1.09|56|90|110
-1.08|53|87|106
-1.07|54|88|108
-1.06|50|82|100
-1.05|49|77|93
-1.04|49|77|92
-1.03|49|77|91
-1.02|48|77|91
-1.01|47|76|90
-1.00|48|76|90
0.00|47|75|89
0.01|47|81|103
0.02|57|89|110
0.03|85|112|128
0.04|75|103|121
0.05|93|118|133
0.06|79|107|122
0.07|61|93|112
0.08|65|95|115
0.09|61|91|111
0.10|89|113|128
0.11|70|99|117
0.12|76|104|121
0.13|78|105|123
0.14|64|95|114
0.15|60|91|105
0.16|71|101|111
0.17|66|97|109
0.18|60|91|104
0.19|65|96|109
0.20|61|91|105
0.21|72|102|113
0.22|99|122|129
0.23|84|111|120
0.24|68|98|110
0.25|64|94|106
0.26|68|98|110
0.27|69|99|110
0.28|64|95|107
0.29|66|96|108
0.30|67|97|109
0.31|72|101|112
0.32|79|107|116
0.33|66|96|107
0.34|68|99|109
0.35|80|108|117
0.36|70|99|110
0.37|68|99|110
0.38|70|100|112
0.39|73|102|113
0.40|64|95|107
0.41|73|103|114
0.42|90|116|124
0.43|90|115|123
0.44|85|112|121
0.45|80|108|118
0.46|75|105|114
0.47|84|111|120
0.48|106|127|132
0.49|88|114|121
0.50|89|115|122
0.51|96|120|126
0.52|91|117|125
0.53|86|113|122
0.54|104|127|132
0.55|112|132|136
0.56|114|133|138
0.57|105|127|133
0.58|85|112|121
0.59|97|121|128
0.60|92|118|125
0.61|92|119|126
0.62|96|121|127
0.63|107|129|133
0.64|105|127|132
0.65|107|129|134
0.66|131|148|150
0.67|115|135|138
0.68|108|130|134
0.69|101|125|130
0.70|92|118|126
0.71|83|111|119
0.72|99|124|130
0.73|104|127|132
0.74|98|122|128
0.75|98|122|127
0.76|98|122|126
0.77|98|123|129
0.78|101|123|128
0.79|93|119|125
0.80|97|122|128
0.81|118|137|141
0.82|118|137|142
0.83|105|127|130
0.84|103|125|130
0.85|133|150|154
0.86|109|130|136
0.87|113|132|136
0.88|109|130|134
0.89|115|135|137
0.90|113|132|136
0.91|105|127|133
0.92|86|113|120
0.93|107|128|131
0.94|94|119|125
0.95|95|120|125
0.96|107|127|131
0.97|94|119|125
0.98|108|128|131
0.99|107|128|130
1.00|95|120|125
1.01|91|117|123
1.02|104|126|130
1.03|92|117|123
1.04|97|122|126
1.05|95|120|125
1.06|99|123|127
1.07|84|111|119
1.08|97|121|127
1.09|92|117|124
1.10|99|123|128
1.11|105|127|131
1.12|91|117|123
1.13|96|121|126
1.14|92|117|123
1.15|96|121|126
1.16|109|129|133
1.17|102|124|129
1.18|105|126|131
1.19|112|131|135
1.20|102|124|129
1.21|102|125|129
1.22|105|126|131
1.23|100|123|127
1.24|102|124|128
1.25|93|119|124
1.26|109|128|132
1.27|89|116|122
1.28|87|113|120
1.29|88|114|120
1.30|96|120|125
1.31|92|117|123
1.32|120|139|140
1.33|125|142|143
1.34|114|133|135
1.35|118|137|140
1.36|111|132|135
1.37|107|127|131
1.38|112|130|133
1.39|120|137|139
1.40|132|148|149
1.41|128|143|145
1.42|121|139|141
1.43|123|139|141
1.44|123|139|140
1.45|126|143|145
1.46|119|137|139
1.47|114|132|135
1.48|117|136|138
1.49|117|135|138
1.50|115|133|135
1.51|112|131|134
1.52|102|124|128
1.53|106|131|133
1.54|110|133|134
1.55|108|132|134
1.56|93|121|124
1.57|101|128|129
1.58|91|121|122
1.59|104|130|133
1.60|97|125|127
1.61|100|128|129
1.62|100|128|130
1.63|98|129|130
1.64|100|131|132
1.65|96|126|128
1.66|94|125|131
1.67|126|150|151
1.68|98|128|131
1.69|91|123|127
1.70|99|129|133
1.71|125|148|149
1.72|108|137|139
1.73|103|132|133
1.74|101|130|132
1.75|103|132|134
1.76|119|143|144
1.77|123|145|147
1.78|108|134|138
1.79|105|132|134
1.80|119|142|143
1.81|121|145|144
1.82|112|137|139
1.83|139|157|157
1.84|145|160|159
1.85|137|154|154
1.86|137|154|153
1.87|123|144|145
1.88|127|147|148
1.89|145|159|159
1.90|145|160|159
1.91|138|155|155
1.92|127|147|146
1.93|121|142|143
1.94|124|144|145
1.95|127|146|146
1.96|127|145|145
1.97|123|145|146
1.98|132|152|152
1.99|137|155|155
2.00|147|163|162
2.01|156|171|169
2.02|132|152|154
2.03|132|151|155
2.04|139|158|159
2.05|156|173|174
2.06|169|183|183
2.07|144|163|166
2.08|170|181|181
2.09|156|173|174
2.10|128|151|154
2.11|138|157|158
2.12|133|155|157
2.13|125|149|151
2.14|125|149|150
2.15|127|146|149
2.16|149|165|165
2.17|149|164|165
2.18|169|183|182
2.19|173|185|183
2.20|149|164|165